1651493403118 11 70 240
1651493463133 11 70 240
1651493523165 11 70 240
1651493583210 11 70 240
1651493643239 11 70 240
1651493703272 11 70 240
1651493763308 11 70 240
1651493823350 11 70 240
1651493882356 11 70 240
1651493942396 11 70 240
1651494002430 11 70 240
1651494062465 11 70 240
1651494122512 11 70 240
1651494182528 13 47 240
1651494242564 15 55 240
1651494302611 15 55 240
1651494362635 15 55 240
1651494422644 15 47 240
1651494482716 17 47 240
1651494542714 17 47 240
1651494602755 17 47 240
1651494662764 17 47 240
1651494722829 15 47 240
1651494782884 17 47 240
1651494842923 17 47 240
1651494903167 17 47 240
1651494963009 15 55 240
1651495023065 17 55 240
1651495083071 17 55 240
1651495143081 17 55 240
1651495203083 15 55 240
1651495263118 15 47 240
1651495323137 15 55 240
1651495383162 17 55 240
1651495443208 17 47 240
1651495503245 15 47 240
1651495563278 15 55 240
1651495623303 15 55 240
1651495683337 15 55 240
1651495742357 15 55 240
1651495802393 15 55 240
1651495862418 15 55 240
1651495922453 15 55 240
1651495982496 15 55 240
1651496042510 15 47 240
1651496102554 17 47 240
1651496162584 15 47 240
1651496222609 15 55 240
1651496282634 15 55 240
1651496342679 15 55 240
1651496402710 15 55 240
1651496462752 15 55 240
1651496522778 17 55 240
1651496582807 15 55 240
1651496642871 15 55 240
1651496702872 15 55 240
1651496762897 15 55 240
1651496822919 15 47 240
1651496882984 15 55 240
1651496943064 15 55 240
1651497003010 15 47 240
1651497063105 17 55 240
1651497123182 15 55 240
1651497183188 15 55 240
1651497243216 15 47 240
1651497303289 17 55 240
1651497363295 17 47 240
1651497423262 15 55 240
1651497483304 15 47 240
1651497543490 15 55 240
1651497602390 17 55 240
1651497662374 15 55 240
1651497722434 15 47 240
1651497782426 15 47 240
1651497842482 15 55 240
1651497902513 15 55 240
1651497962544 17 47 240
1651498022581 15 55 240
1651498082612 15 55 240
1651498142642 15 55 240
1651498202680 15 55 240
1651498262699 15 55 240
1651498322722 15 55 240
1651498382758 17 47 240
1651498442804 15 47 240
1651498502816 17 47 240
1651498562868 17 47 240
1651498622938 17 55 240
1651498682980 15 55 240
1651498743029 15 47 240
1651498803093 17 55 240
1651498863089 15 55 240
1651498923116 15 55 240
1651498983094 34 30 240
1651499043109 18 28 240
1651499103163 25 35 240
1651499163178 21 27 240
1651499223216 19 39 240
1651499283232 20 37 240
1651499343285 19 39 240
1651499403336 20 37 240
1651499463348 20 43 240
1651499522375 18 33 240
1651499582422 26 33 240
1651499642436 22 37 240
1651499702490 30 36 240
1651499762498 20 29 240
1651499822544 20 43 240
1651499882577 25 36 240
1651499942606 25 36 240
1651500002834 23 37 240
1651500062684 21 36 240
1651500122749 21 35 240
1651500182765 21 36 240
1651500242768 21 34 240
1651500302789 25 34 240
1651500362804 33 39 240
1651500422846 20 43 240
1651500482887 19 39 240
1651500543033 19 43 240
1651500602962 18 43 240
1651500662985 26 30 240
1651500723131 20 37 240
1651500783064 18 43 240
1651500843292 25 33 240
1651500903284 22 28 240
1651500963202 20 36 240
1651501023243 23 28 240
1651501083284 25 33 240
1651501143243 18 37 240
1651501203295 19 39 240
1651501263306 20 37 240
1651501323339 17 39 240
1651501382384 24 39 240
1651501442392 18 39 240
1651501502436 18 43 240
1651501562456 18 43 240
1651501622601 17 31 240
1651501682537 21 35 240
1651501742547 20 35 240
1651501802568 24 33 240
1651501864353 21 34 240
1651501922627 22 36 240
1651501982535 25 36 240
1651502042583 23 39 240
1651502102672 20 39 240
1651502162678 21 34 240
1651502222690 11 70 240
1651502282738 11 70 240
1651502342777 11 70 240
1651502402890 11 70 240
1651502462926 11 70 240
1651502523000 11 70 240
1651502582978 11 70 240
1651502643002 11 70 240
1651502703104 11 70 240
1651502763056 11 70 240
1651502823056 11 70 240
1651502883110 11 70 240
1651502943107 11 70 240
1651503003118 11 70 240
1651503063189 11 70 240
1651503123188 11 70 240
1651503183219 11 70 240
1651503243264 11 70 240
1651503303287 11 70 240
1651503363319 11 70 240
1651503423345 11 70 240
1651503482368 11 70 240
1651503542405 11 70 240
1651503602457 11 70 240
1651503662482 11 70 240
1651503722503 11 70 240
1651503782540 11 70 240
1651503842567 11 70 240
1651503902614 11 70 240
1651503962625 11 70 240
1651504022667 11 70 240
1651504082711 11 70 240
1651504142817 11 70 240
1651504202839 11 70 240
1651504262893 11 70 240
1651504322886 11 70 240
1651504382922 11 70 240
1651504442879 11 70 240
1651504502924 11 70 240
1651504562964 11 70 240
1651504622995 11 70 240
1651504683032 11 70 240
1651504743061 11 70 240
1651504803088 11 70 240
1651504863129 11 70 240
1651504923153 11 70 240
1651504983165 11 70 240
1651505043200 11 70 240
1651505103252 11 70 240
1651505163286 11 70 240
1651505223548 11 70 240
1651505283346 11 70 240
1651505342372 11 70 240
1651505402394 11 70 240
1651505462427 11 70 240
1651505522463 11 70 240
1651505582517 11 70 240
1651505642522 11 70 240
1651505702559 11 70 240
1651505762608 11 70 240
1651505822635 11 70 240
1651505882648 11 70 240
1651505942702 11 70 240
1651506002867 11 70 240
1651506062777 11 70 240
1651506122841 11 70 240
1651506182883 11 70 240
1651506242906 11 70 240
1651506302971 11 70 240
1651506362974 11 70 240
1651506422935 11 70 240
1651506482970 11 70 240
1651506543011 11 70 240
1651506603034 11 70 240
1651506663044 11 70 240
1651506723080 11 70 240
1651506783123 11 70 240
1651506843166 11 70 240
1651506903200 11 70 240
1651506963230 11 70 240
1651507023253 11 70 240
1651507083290 11 70 240
1651507143329 11 70 240
1651507202359 11 70 240
1651507262385 11 70 240
1651507322418 11 70 240
1651507382499 11 70 240
1651507442493 11 70 240
1651507502561 11 70 240
1651507562571 11 70 240
1651507622601 11 70 240
1651507682666 11 70 240
1651507742688 11 70 240
1651507802739 11 70 240
1651507862778 11 70 240
1651507922814 11 70 240
1651507982771 11 70 240
1651508042814 11 70 240
1651508102853 11 70 240
1651508162863 11 70 240
1651508222904 11 70 240
1651508282917 11 70 240
1651508342949 11 70 240
1651508403015 11 70 240
1651508463093 11 70 240
1651508523059 11 70 240
1651508583082 11 70 240
1651508643133 11 70 240
1651508703177 11 70 240
1651508763223 11 70 240
1651508823238 11 70 240
1651508883274 11 70 240
1651508943290 11 70 240
1651509003321 11 70 240
1651509062353 11 70 240
1651509122378 11 70 240
1651509182440 11 70 240
1651509242481 11 70 240
1651509302529 11 70 240
1651509362586 11 70 240
1651509422611 11 70 240
1651509482633 11 70 240
1651509542648 11 70 240
1651509602640 11 70 240
1651509662671 11 70 240
1651509722726 11 70 240
1651509782747 11 70 240
1651509842771 11 70 240
1651509902827 11 70 240
1651509962869 11 70 240
1651510023082 11 70 240
1651510082976 11 70 240
1651510143038 11 70 240
1651510202989 11 70 240
1651510263051 11 70 240
1651510323036 11 70 240
1651510383089 11 70 240
1651510443104 11 70 240
1651510503115 11 70 240
1651510563139 11 70 240
1651510623196 11 70 240
1651510683287 11 70 240
1651510743262 11 70 240
1651510803272 11 70 240
1651510863321 11 70 240
1651510923356 11 70 240
1651510982366 11 70 240
1651511042402 11 70 240
1651511102432 11 70 240
1651511162523 11 70 240
1651511222572 11 70 240
1651511282630 11 70 240
1651511342645 11 70 240
1651511402655 11 70 240
1651511462688 11 70 240
1651511522683 11 70 240
1651511582706 11 70 240
1651511642748 11 70 240
1651511702780 11 70 240
1651511762796 11 70 240
1651511822830 11 70 240
1651511882868 11 70 240
1651511942895 11 70 240
1651512002927 11 70 240
1651512062940 11 70 240
1651512122994 11 70 240
1651512183022 11 70 240
1651512243050 11 70 240
1651512303085 11 70 240
1651512363116 11 70 240
1651512423139 11 70 240
1651512483192 11 70 240
1651512543211 11 70 240
1651512603246 11 70 240
1651512663302 11 70 240
1651512723314 11 70 240
1651512783365 11 70 240
1651512842378 11 70 240
1651512902610 11 70 240
1651512962473 11 70 240
1651513022519 11 70 240
1651513082569 11 70 240
1651513142592 11 70 240
1651513202555 11 70 240
1651513262598 11 70 240
1651513322622 11 70 240
1651513382654 11 70 240
1651513442702 11 70 240
1651513502708 11 70 240
1651513562755 11 70 240
1651513622786 11 70 240
1651513682830 11 70 240
1651513742841 11 70 240
1651513802878 11 70 240
1651513862916 11 70 240
1651513922952 11 70 240
1651513982988 11 70 240
1651514043017 11 70 240
1651514103040 11 70 240
1651514163085 11 70 240
1651514223107 11 70 240
1651514283140 11 70 240
1651514343154 11 70 240
1651514403210 11 70 240
1651514463226 11 70 240
1651514523262 11 70 240
1651514583285 11 70 240
1651514643334 11 70 240
1651514702358 11 70 240
1651514762371 11 70 240
1651514822424 11 70 240
1651514882518 11 70 240
1651514942498 11 70 240
1651515002552 11 70 240
1651515062590 11 70 240
1651515122651 11 70 240
1651515182835 11 70 240
1651515242775 11 70 240
1651515302652 11 70 240
1651515362701 11 70 240
1651515422754 11 70 240
1651515482767 11 70 240
1651515542826 11 70 240
1651515602843 11 70 240
1651515662857 11 70 240
1651515722879 11 70 240
1651515782952 11 70 240
1651515842987 11 70 240
1651515903001 11 70 240
1651515963042 11 70 240
1651516023082 11 70 240
1651516083121 11 70 240
1651516143111 11 70 240
1651516203164 11 70 240
1651516263172 11 70 240
1651516323226 11 70 240
1651516383243 11 70 240
1651516443288 11 70 240
1651516503308 11 70 240
1651516563351 11 70 240
1651516622361 11 70 240
1651516682452 11 70 240
1651516742508 11 70 240
1651516802534 11 70 240
1651516862571 11 70 240
1651516922607 11 70 240
1651516982633 11 70 240
1651517042604 11 70 240
1651517103033 11 70 240
1651517162664 11 70 240
1651517222692 11 70 240
1651517282734 11 70 240
1651517342805 11 70 240
1651517402796 11 70 240
1651517462834 11 70 240
1651517522858 11 70 240
1651517582875 11 70 240
1651517642932 11 70 240
1651517702947 11 70 240
1651517762979 11 70 240
1651517823020 11 70 240
1651517883024 11 70 240
1651517943071 11 70 240
1651518003101 11 70 240
1651518063162 11 70 240
1651518123195 11 70 240
1651518183237 11 70 240
1651518243254 11 70 240
1651518303294 11 70 240
1651518363315 11 70 240
1651518423331 11 70 240
1651518482436 11 70 240
1651518542427 11 70 240
1651518602428 11 70 240
1651518662481 11 70 240
1651518722518 11 70 240
1651518782536 11 70 240
1651518842569 11 70 240
1651518902602 11 70 240
1651518962637 11 70 240
1651519022651 11 70 240
1651519082849 11 70 240
1651519142745 11 70 240
1651519202753 11 70 240
1651519262808 11 70 240
1651519322855 11 70 240
1651519382919 11 70 240
1651519442968 11 70 240
1651519502973 11 70 240
1651519563027 11 70 240
1651519622968 11 70 240
1651519683020 11 70 240
1651519743076 11 70 240
1651519803087 11 70 240
1651519863122 11 70 240
1651519923170 11 70 240
1651519983238 11 70 240
1651520043232 11 70 240
1651520103273 11 70 240
1651520163306 11 70 240
1651520223308 11 70 240
1651520282404 11 70 240
1651520342526 11 70 240
1651520402555 11 70 240
1651520462508 11 70 240
1651520522473 11 70 240
1651520582496 11 70 240
1651520642563 11 70 240
1651520702639 11 70 240
1651520762678 11 70 240
1651520822724 11 70 240
1651520882701 11 70 240
1651520942782 11 70 240
1651521002804 11 70 240
1651521062857 11 70 240
1651521122830 11 70 240
1651521182908 11 70 240
1651521242948 11 70 240
1651521302982 11 70 240
1651521362983 11 70 240
1651521423046 11 70 240
1651521483069 11 70 240
1651521543041 11 70 240
1651521603075 11 70 240
1651521663098 11 70 240
1651521723133 11 70 240
1651521783163 11 70 240
1651521843176 11 70 240
1651521903210 11 70 240
1651521963268 11 70 240
1651522023268 11 70 240
1651522083329 11 70 240
1651522142359 11 70 240
1651522202421 11 70 240
1651522262444 11 70 240
1651522322448 11 70 240
1651522382472 11 70 240
1651522442513 11 70 240
1651522502565 11 70 240
1651522562653 11 70 240
1651522622609 11 70 240
1651522682642 11 70 240
1651522742671 11 70 240
1651522802722 11 70 240
1651522862736 11 70 240
1651522922810 11 70 240
1651522982872 11 70 240
1651523042904 11 70 240
1651523102965 11 70 240
1651523162982 11 70 240
1651523223014 11 70 240
1651523282966 11 70 240
1651523342999 11 70 240
1651523403034 11 70 240
1651523463055 11 70 240
1651523523088 11 70 240
1651523583182 11 70 240
1651523643234 11 70 240
1651523703237 11 70 240
1651523763241 11 70 240
1651523823320 11 70 240
1651523883336 11 70 240
1651523943339 11 70 240
1651524003383 11 70 240
1651524062379 11 70 240
1651524122404 11 70 240
1651524182438 11 70 240
1651524242473 11 70 240
1651524302514 11 70 240
1651524362537 11 70 240
1651524422569 11 70 240
1651524482605 11 70 240
1651524542647 11 70 240
1651524602662 11 70 240
1651524662718 11 70 240
1651524722735 11 70 240
1651524782767 11 70 240
1651524842790 11 70 240
1651524902823 11 70 240
1651524962857 11 70 240
1651525022890 11 70 240
1651525082934 11 70 240
1651525142967 11 70 240
1651525203000 11 70 240
1651525263023 11 70 240
1651525323096 11 70 240
1651525383157 11 70 240
1651525443183 11 70 240
1651525503226 11 70 240
1651525563247 11 70 240
1651525623212 11 70 240
1651525683243 11 70 240
1651525743298 11 70 240
1651525803288 11 70 240
1651525863339 11 70 240
1651525922382 11 70 240
1651525982394 11 70 240
1651526042427 11 70 240
1651526102456 11 70 240
1651526162473 11 70 240
1651526222525 11 70 240
1651526282570 11 70 240
1651526342592 11 70 240
1651526402625 11 70 240
1651526462651 11 70 240
1651526522691 11 70 240
1651526582725 11 70 240
1651526642750 11 70 240
1651526702790 11 70 240
1651526762820 11 70 240
1651526822876 11 70 240
1651526882901 11 70 240
1651526942962 11 70 240
1651527003019 11 70 240
1651527063042 11 70 240
1651527123062 11 70 240
1651527183027 11 70 240
1651527243079 11 70 240
1651527303087 11 70 240
1651527363134 11 70 240
1651527423247 11 70 240
1651527483201 11 70 240
1651527543223 11 70 240
1651527603288 11 70 240
1651527663289 11 70 240
1651527723345 11 70 240
1651527782360 11 70 240
1651527842435 11 70 240
1651527902455 11 70 240
1651527962471 11 70 240
1651528022493 11 70 240
1651528082526 11 70 240
1651528142571 11 70 240
1651528202598 11 70 240
1651528262615 11 70 240
1651528322650 11 70 240
1651528382691 11 70 240
1651528442724 11 70 240
1651528502738 11 70 240
1651528562779 11 70 240
1651528622832 11 70 240
1651528682886 11 70 240
1651528742923 11 70 240
1651528803016 11 70 240
1651528863037 11 70 240
1651528923038 11 70 240
1651528983106 11 70 240
1651529043045 11 70 240
1651529103061 11 70 240
1651529163100 11 70 240
1651529223151 11 70 240
1651529283169 11 70 240
1651529343200 11 70 240
1651529403243 11 70 240
1651529463282 11 70 240
1651529523304 11 70 240
1651529583322 11 70 240
1651529642364 11 70 240
1651529702405 11 70 240
1651529762416 11 70 240
1651529822463 11 70 240
1651529882466 11 70 240
1651529942506 11 70 240
1651530002562 11 70 240
1651530062617 11 70 240
1651530122615 11 70 240
1651530182650 11 70 240
1651530242681 11 70 240
1651530302884 11 70 240
1651530362976 11 70 240
1651530422784 11 70 240
1651530482823 11 70 240
1651530542848 11 70 240
1651530602874 11 70 240
1651530662946 11 70 240
1651530722997 11 70 240
1651530783029 11 70 240
1651530843083 11 70 240
1651530903106 11 70 240
1651530963127 11 70 240
1651531023090 11 70 240
1651531083130 11 70 240
1651531143198 11 70 240
1651531203191 11 70 240
1651531263233 11 70 240
1651531323287 11 70 240
1651531383291 11 70 240
1651531443326 11 70 240
1651531503345 11 70 240
1651531562374 11 70 240
1651531622398 11 70 240
1651531682450 11 70 240
1651531742496 11 70 240
1651531802498 11 70 240
1651531862543 11 70 240
1651531922568 11 70 240
1651531982610 11 70 240
1651532042640 11 70 240
1651532102672 11 70 240
1651532162705 11 70 240
1651532222748 11 70 240
1651532282791 11 70 240
1651532342901 11 70 240
1651532402897 11 70 240
1651532462930 11 70 240
1651532522944 11 70 240
1651532582986 11 70 240
1651532643003 11 70 240
1651532702979 11 70 240
1651532763004 11 70 240
1651532823058 11 70 240
1651532883072 11 70 240
1651532943113 11 70 240
1651533003129 11 70 240
1651533063170 11 70 240
1651533123214 11 70 240
1651533183229 11 70 240
1651533243268 11 70 240
1651533303318 11 70 240
1651533363340 11 70 240
1651533422395 11 70 240
1651533482388 11 70 240
1651533542427 11 70 240
1651533602444 11 70 240
1651533662496 11 70 240
1651533722561 11 70 240
1651533782593 11 70 240
1651533842604 11 70 240
1651533902649 11 70 240
1651533962672 11 70 240
1651534022710 11 70 240
1651534082910 11 70 240
1651534142775 11 70 240
1651534202801 11 70 240
1651534262817 11 70 240
1651534322854 11 70 240
1651534382897 11 70 240
1651534442967 11 70 240
1651534503013 11 70 240
1651534563052 11 70 240
1651534623075 11 70 240
1651534683108 11 70 240
1651534743151 11 70 240
1651534803102 11 70 240
1651534863150 11 70 240
1651534923185 11 70 240
1651534983213 11 70 240
1651535043246 11 70 240
1651535103270 11 70 240
1651535163303 11 70 240
1651535223335 11 70 240
1651535282362 11 70 240
1651535342397 11 70 240
1651535402443 11 70 240
1651535462499 11 70 240
1651535522486 11 70 240
1651535582533 11 70 240
1651535642559 11 70 240
1651535702595 11 70 240
1651535762611 11 70 240
1651535822662 11 70 240
1651535882681 11 70 240
1651535942729 11 70 240
1651536002794 11 70 240
1651536062816 11 70 240
1651536122857 11 70 240
1651536182870 11 70 240
1651536242940 11 70 240
1651536303050 11 70 240
1651536363012 11 70 240
1651536423082 11 70 240
1651536483105 11 70 240
1651536543161 11 70 240
1651536603103 11 70 240
1651536663364 11 70 240
1651536723151 11 70 240
1651536783229 11 70 240
1651536843312 11 70 240
1651536903268 11 70 240
1651536963305 11 70 240
1651537023392 11 70 240
1651537083328 11 70 240
1651537142394 11 70 240
1651537202388 11 70 240
1651537262444 11 70 240
1651537322490 11 70 240
1651537382513 11 70 240
1651537442522 11 70 240
1651537502608 11 70 240
1651537562666 11 70 240
1651537622720 11 70 240
1651537682722 11 70 240
1651537742777 11 70 240
1651537802739 11 70 240
1651537862751 11 70 240
1651537922793 11 70 240
1651537982849 11 70 240
1651538042854 11 70 240
1651538102875 11 70 240
1651538162916 11 70 240
1651538222959 11 70 240
1651538282992 11 70 240
1651538343016 11 70 240
1651538403092 11 70 240
1651538463085 11 70 240
1651538523113 11 70 240
1651538583129 11 70 240
1651538643170 11 70 240
1651538703734 11 70 240
1651538764374 13 70 240
1651538823539 11 70 240
1651538883531 11 70 240
1651538943616 11 70 240
1651539002444 11 70 240
1651539062663 11 70 240
1651539122627 11 70 240
1651539182711 11 70 240
1651539242540 11 70 240
1651539302523 11 70 240
1651539362587 11 70 240
1651539422598 11 70 240
1651539482642 11 70 240
1651539542670 11 70 240
1651539602971 11 70 240
1651539662992 11 70 240
1651539722963 11 70 240
1651539784017 11 70 240
1651539842828 11 70 240
1651539902860 11 70 240
1651539962906 11 70 240
1651540022932 11 70 240
1651540082949 11 70 240
1651540142992 11 70 240
1651540203055 11 70 240
1651540263120 11 70 240
1651540323151 11 70 240
1651540383185 11 70 240
1651540443213 11 70 240
1651540503235 11 70 240
1651540563245 11 70 240
1651540623246 11 70 240
1651540683280 11 70 240
1651540743352 11 70 240
1651540803388 11 70 240
1651540862413 11 70 240
1651540922407 11 70 240
1651540982468 11 70 240
1651541042464 11 70 240
1651541102476 11 70 240
1651541162552 11 70 240
1651541222564 11 70 240
1651541282587 11 70 240
1651541342641 11 70 240
1651541402683 11 70 240
1651541462775 11 70 240
1651541522727 11 70 240
1651541582828 11 70 240
1651541642782 11 70 240
1651541703008 11 70 240
1651541762847 11 70 240
1651541822904 11 70 240
1651541882917 11 70 240
1651541942973 11 70 240
1651542002984 11 70 240
1651542063016 11 70 240
1651542123036 11 70 240
1651542183072 11 70 240
1651542243113 11 70 240
1651542303114 11 70 240
1651542363181 11 70 240
1651542423315 11 70 240
1651542483309 11 70 240
1651542543430 11 70 240
1651542603363 11 70 240
1651542663435 11 70 240
1651542722345 11 70 240
1651542782387 11 70 240
1651542842404 11 70 240
1651542902482 11 70 240
1651542962477 11 70 240
1651543022534 11 70 240
1651543082589 11 70 240
1651543142585 11 70 240
1651543202638 11 70 240
1651543262865 11 70 240
1651543322681 11 70 240
1651543382691 11 70 240
1651543442787 11 70 240
1651543502765 11 70 240
1651543562871 11 70 240
1651543622900 11 70 240
1651543682933 11 70 240
1651543742972 11 70 240
1651543802904 11 70 240
1651543862972 11 70 240
1651543923076 11 70 240
1651543983044 11 70 240
1651544043086 11 70 240
1651544103124 11 70 240
1651544163146 11 70 240
1651544223182 11 70 240
1651544283202 11 70 240
1651544343256 11 70 240
1651544403258 11 70 240
1651544463309 11 70 240
1651544523307 11 70 240
1651544583339 11 70 240
1651544642374 11 70 240
1651544702435 11 70 240
1651544762435 11 70 240
1651544822576 11 70 240
1651544882592 11 70 240
1651544942639 11 70 240
1651545002684 11 70 240
1651545062708 11 70 240
1651545122745 11 70 240
1651545182776 11 70 240
1651545242799 11 70 240
1651545302827 11 70 240
1651545362846 11 70 240
1651545422882 11 70 240
1651545482925 11 70 240
1651545542977 11 70 240
1651545602990 11 70 240
1651545663031 11 70 240
1651545723055 11 70 240
1651545783146 11 70 240
1651545843185 11 70 240
1651545903219 11 70 240
1651545963275 11 70 240
1651546023278 11 70 240
1651546083242 11 70 240
1651546143315 11 70 240
1651546203300 11 70 240
1651546263377 11 70 240
1651546322377 11 70 240
1651546382407 11 70 240
1651546442436 11 70 240
1651546502478 11 70 240
1651546562502 11 70 240
1651546622533 11 70 240
1651546682548 11 70 240
1651546742585 11 70 240
1651546802620 11 70 240
1651546862636 11 70 240
1651546922690 11 70 240
1651546982739 11 70 240
1651547042755 11 70 240
1651547102818 11 70 240
1651547162812 11 70 240
1651547222823 11 70 240
1651547282867 11 70 240
1651547342944 11 70 240
1651547403022 11 70 240
1651547463037 11 70 240
1651547523070 11 70 240
1651547583144 11 70 240
1651547643085 11 70 240
1651547703099 11 70 240
1651547763113 11 70 240
1651547823177 11 70 240
1651547883204 11 70 240
1651547943232 11 70 240
1651548003274 11 70 240
1651548063294 11 70 240
1651548123330 11 70 240
1651548182348 11 70 240
1651548242414 11 70 240
1651548302419 11 70 240
1651548362448 11 70 240
1651548422497 11 70 240
1651548482513 11 70 240
1651548542554 11 70 240
1651548602582 11 70 240
1651548662603 11 70 240
1651548722634 11 70 240
1651548782669 11 70 240
1651548842701 11 70 240
1651548902763 11 70 240
1651548962847 11 70 240
1651549022850 11 70 240
1651549082903 11 70 240
1651549142926 11 70 240
1651549202903 11 70 240
1651549262923 11 70 240
1651549322956 11 70 240
1651549383001 11 70 240
1651549443021 11 70 240
1651549503113 11 70 240
1651549563303 11 70 240
1651549623101 11 70 240
1651549683154 11 70 240
1651549743190 11 70 240
1651549803207 11 70 240
1651549863261 11 70 240
1651549923279 11 70 240
1651549983288 11 70 240
1651550043342 11 70 240
1651550102350 11 70 240
1651550162430 11 70 240
1651550222436 11 70 240
1651550282463 11 70 240
1651550342502 11 70 240
1651550402536 11 70 240
1651550462562 11 70 240
1651550522591 11 70 240
1651550582684 11 70 240
1651550642729 11 70 240
1651550702762 11 70 240
1651550762794 11 70 240
1651550822827 11 70 240
1651550882784 11 70 240
1651550942824 11 70 240
1651551002846 11 70 240
1651551062878 11 70 240
1651551122902 11 70 240
1651551182951 11 70 240
1651551243005 11 70 240
1651551303040 11 70 240
1651551363074 11 70 240
1651551423102 11 70 240
1651551483129 11 70 240
1651551543172 11 70 240
1651551603186 11 70 240
1651551663235 11 70 240
1651551723253 11 70 240
1651551783298 11 70 240
1651551843327 11 70 240
1651551902367 11 70 240
1651551962384 11 70 240
1651552022411 11 70 240
1651552082457 11 70 240
1651552142462 11 70 240
1651552202507 11 70 240
1651552262556 11 70 240
1651552322578 11 70 240
1651552382602 11 70 240
1651552442646 11 70 240
1651552502694 11 70 240
1651552562743 11 70 240
1651552622804 11 70 240
1651552682859 11 70 240
1651552742885 11 70 240
1651552802883 11 70 240
1651552862937 11 70 240
1651552922898 11 70 240
1651552982941 11 70 240
1651553042955 11 70 240
1651553102968 11 70 240
1651553163021 11 70 240
1651553223065 11 70 240
1651553283070 11 70 240
1651553343121 11 70 240
1651553403302 11 70 240
1651553463210 11 70 240
1651553523219 11 70 240
1651553583261 11 70 240
1651553643290 11 70 240
1651553703318 11 70 240
1651553763341 11 70 240
1651553822388 11 70 240
1651553882423 11 70 240
1651553942438 11 70 240
1651554002473 11 70 240
1651554062514 11 70 240
1651554122527 11 70 240
1651554182573 11 70 240
1651554242593 11 70 240
1651554302829 11 70 240
1651554362700 11 70 240
1651554422764 11 70 240
1651554482809 11 70 240
1651554542830 11 70 240
1651554602890 11 70 240
1651554662826 11 70 240
1651554722857 11 70 240
1651554782893 11 70 240
1651554842946 11 70 240
1651554902966 11 70 240
1651554962988 11 70 240
1651555023022 11 70 240
1651555083064 11 70 240
1651555143071 11 70 240
1651555203110 11 70 240
1651555263144 11 70 240
1651555323195 11 70 240
1651555383210 11 70 240
1651555443258 11 70 240
1651555503275 11 70 240
1651555563300 11 70 240
1651555623313 11 70 240
1651555682364 11 70 240
1651555742400 11 70 240
1651555802426 11 70 240
1651555862453 11 70 240
1651555922521 11 70 240
1651555982525 11 70 240
1651556042569 11 70 240
1651556102591 11 70 240
1651556162625 11 70 240
1651556222700 11 70 240
1651556282742 11 70 240
1651556342785 11 70 240
1651556402817 11 70 240
1651556462750 11 70 240
1651556522830 11 70 240
1651556582828 11 70 240
1651556642878 11 70 240
1651556702894 11 70 240
1651556762945 11 70 240
1651556822971 11 70 240
1651556883052 11 70 240
1651556943034 11 70 240
1651557003102 11 70 240
1651557063087 11 70 240
1651557123123 11 70 240
1651557183146 11 70 240
1651557243204 11 70 240
1651557303227 11 70 240
1651557363259 11 70 240
1651557423308 11 70 240
1651557483301 11 70 240
1651557542371 11 70 240
1651557602394 11 70 240
1651557662406 11 70 240
1651557722442 11 70 240
1651557782490 11 70 240
1651557842516 11 70 240
1651557902689 11 70 240
1651557962580 11 70 240
1651558022633 11 70 240
1651558082639 11 70 240
1651558142672 11 70 240
1651558202710 11 70 240
1651558262768 11 70 240
1651558322841 11 70 240
1651558382882 11 70 240
1651558442897 11 70 240
1651558502941 11 70 240
1651558562993 11 70 240
1651558622937 11 70 240
1651558682959 11 70 240
1651558742992 11 70 240
1651558803030 11 70 240
1651558863063 11 70 240
1651558923090 11 70 240
1651558983093 11 70 240
1651559043149 11 70 240
1651559103195 11 70 240
1651559163237 11 70 240
1651559223247 11 70 240
1651559283361 11 70 240
1651559343310 11 70 240
1651559403498 11 70 240
1651559462384 11 70 240
1651559522392 11 70 240
1651559582432 11 70 240
1651559642479 11 70 240
1651559702504 11 70 240
1651559762548 11 70 240
1651559822577 11 70 240
1651559882603 11 70 240
1651559942611 11 70 240
1651560002648 11 70 240
1651560062682 11 70 240
1651560122728 11 70 240
1651560182792 11 70 240
1651560242790 11 70 240
1651560302805 11 70 240
1651560362843 11 70 240
1651560422887 11 70 240
1651560482885 11 70 240
1651560542948 11 70 240
1651560602958 11 70 240
1651560663044 11 70 240
1651560723110 11 70 240
1651560783138 11 70 240
1651560843191 11 70 240
1651560903211 11 70 240
1651560963225 11 70 240
1651561023467 11 70 240
1651561083247 11 70 240
1651561143248 11 70 240
1651561203311 11 70 240
1651561263361 11 70 240
1651561322361 11 70 240
1651561382366 11 70 240
1651561442412 11 70 240
1651561502599 11 70 240
1651561562486 11 70 240
1651561622521 11 70 240
1651561682554 11 70 240
1651561742595 11 70 240
1651561802618 11 70 240
1651561862622 11 70 240
1651561922702 11 70 240
1651561982708 11 70 240
1651562042751 11 70 240
1651562102771 11 70 240
1651562162816 11 70 240
1651562222829 11 70 240
1651562282887 11 70 240
1651562342900 11 70 240
1651562402928 11 70 240
1651562463004 11 70 240
1651562523065 11 70 240
1651562583103 11 70 240
1651562643135 11 70 240
1651562703160 11 70 240
1651562763109 11 70 240
1651562823198 11 70 240
1651562883183 11 70 240
1651562943251 11 70 240
1651563003261 11 70 240
1651563063284 11 70 240
1651563123307 11 70 240
1651563183342 11 70 240
1651563242394 11 70 240
1651563302392 11 70 240
1651563362449 11 70 240
1651563422477 11 70 240
1651563482542 11 70 240
1651563542575 11 70 240
1651563602655 11 70 240
1651563662611 11 70 240
1651563722742 11 70 240
1651563782654 11 70 240
1651563842718 11 70 240
1651563902746 11 70 240
1651563962762 11 70 240
1651564022787 11 70 240
1651564082931 11 70 240
1651564142871 11 70 240
1651564202925 11 70 240
1651564262984 11 70 240
1651564323034 11 70 240
1651564383064 11 70 240
1651564443107 11 70 240
1651564503120 11 70 240
1651564563092 11 70 240
1651564623119 11 70 240
1651564683159 11 70 240
1651564743192 11 70 240
1651564803217 11 70 240
1651564863251 11 70 240
1651564923282 11 70 240
1651564983315 11 70 240
1651565043494 11 70 240
1651565102382 11 70 240
1651565162412 11 70 240
1651565222457 11 70 240
1651565282497 11 70 240
1651565342520 11 70 240
1651565402562 11 70 240
1651565462593 11 70 240
1651565522590 11 70 240
1651565582692 11 70 240
1651565642755 11 70 240
1651565702755 11 70 240
1651565762760 11 70 240
1651565822837 11 70 240
1651565882867 11 70 240
1651565942920 11 70 240
1651566002873 11 70 240
1651566062906 11 70 240
1651566122951 11 70 240
1651566182953 11 70 240
1651566242975 11 70 240
1651566303052 11 70 240
1651566363124 11 70 240
1651566423156 11 70 240
1651566483197 11 70 240
1651566543244 11 70 240
1651566603175 30 28 240
1651566663218 25 37 240
1651566723309 19 36 240
1651566783303 25 23 240
1651566843308 32 25 240
1651566903358 25 37 240
1651566962368 21 36 240
1651567022402 19 35 240
1651567082451 21 36 240
1651567142466 19 39 240
1651567202501 19 36 240
1651567262537 21 29 240
1651567322550 20 35 240
1651567382599 23 39 240
1651567442617 19 29 240
1651567502645 29 30 240
1651567562709 25 37 240
1651567622739 20 35 240
1651567682754 22 43 240
1651567742785 18 35 240
1651567802864 19 36 240
1651567862854 20 35 240
1651567922866 21 35 240
1651567982923 19 35 240
1651568042942 22 36 240
1651568102985 22 37 240
1651568163043 28 36 240
1651568223096 26 26 240
1651568283135 19 35 240
1651568343171 19 30 240
1651568403209 20 29 240
1651568463243 25 35 240
1651568523260 21 35 240
1651568583231 25 30 240
1651568643260 21 34 240
1651568703322 19 43 240
1651568763333 19 43 240
1651568822359 18 34 240
1651568882391 23 36 240
1651568942428 25 30 240
1651569002456 23 36 240
1651569062487 21 37 240
1651569122515 21 37 240
1651569182543 21 36 240
1651569242561 18 37 240
1651569302588 18 43 240
1651569362644 19 39 240
1651569422679 26 31 240
1651569482696 24 33 240
1651569542750 18 37 240
1651569602767 20 39 240
1651569662803 18 37 240
1651569722886 20 43 240
1651569782928 20 43 240
1651569842942 18 47 240
1651569902967 20 37 240
1651569963015 19 39 240
1651570023026 19 33 240
1651570083015 25 28 240
1651570143072 19 39 240
1651570203099 29 34 240
1651570263095 22 33 240
1651570323142 20 37 240
1651570383177 26 36 240
1651570443218 25 33 240
1651570503240 20 35 240
1651570563286 19 39 240
1651570623309 24 36 240
1651570683343 19 35 240
1651570742360 20 37 240
1651570802428 20 43 240
1651570862441 21 36 240
1651570922481 25 39 240
1651570982475 20 31 240
1651571042541 23 35 240
1651571102570 19 37 240
1651571162586 20 43 240
1651571222620 30 37 240
1651571282689 23 31 240
1651571342751 20 37 240
1651571402791 20 37 240
1651571462822 20 37 240
1651571522853 23 37 240
1651571582807 18 43 240
1651571642846 20 39 240
1651571702889 22 39 240
1651571762917 21 37 240
1651571822965 21 36 240
1651571883007 28 37 240
1651571943010 20 43 240
1651572003044 18 43 240
1651572063061 18 35 240
1651572123087 24 37 240
1651572183224 19 39 240
1651572243178 21 36 240
1651572303343 21 39 240
1651572363248 19 34 240
1651572423277 18 31 240
1651572483291 21 31 240
1651572543329 25 43 240
1651572602358 23 30 240
1651572662379 25 27 240
1651572722419 29 34 240
1651572782451 24 34 240
1651572842497 23 36 240
1651572902545 25 36 240
1651572962589 21 37 240
1651573022580 22 37 240
1651573082652 22 35 240
1651573142709 20 26 240
1651573202733 22 33 240
1651573262773 24 30 240
1651573322818 21 36 240
1651573382771 21 37 240
1651573442808 19 36 240
1651573502834 20 30 240
1651573562876 20 37 240
1651573622898 18 43 240
1651573682923 19 47 240
1651573742970 18 43 240
1651573802996 21 39 240
1651573863033 22 39 240
1651573923072 21 39 240
1651573983125 21 39 240
1651574043112 17 39 240
1651574103317 26 37 240
1651574163183 22 37 240
1651574223242 21 25 240
1651574283249 23 31 240
1651574343273 25 34 240
1651574403319 22 35 240
1651574463345 23 30 240
1651574522390 22 34 240
1651574582419 23 34 240
1651574642431 22 35 240
1651574702460 24 35 240
1651574762505 23 31 240
1651574822541 23 35 240
1651574882583 21 31 240
1651574942645 28 31 240
1651575002691 20 35 240
1651575062763 19 33 240
1651575122772 24 29 240
1651575182804 23 29 240
1651575242853 25 37 240
1651575302800 23 37 240
1651575362820 22 33 240
1651575422852 23 29 240
1651575482899 24 31 240
1651575542926 24 33 240
1651575602959 23 35 240
1651575662986 19 36 240
1651575723011 25 35 240
1651575783039 20 36 240
1651575843064 20 37 240
1651575903124 19 43 240
1651575963139 19 36 240
1651576023164 18 43 240
1651576083210 23 34 240
1651576143278 23 34 240
1651576203262 18 35 240
1651576263279 19 39 240
1651576323326 19 39 240
1651576382338 19 39 240
1651576442397 24 37 240
1651576502429 20 43 240
1651576562459 19 39 240
1651576622474 18 39 240
1651576682633 19 37 240
1651576742537 24 31 240
1651576802624 19 36 240
1651576862801 22 31 240
1651576922675 22 37 240
1651576982686 22 36 240
1651577042738 21 35 240
1651577107909 20 37 240
1651577167875 22 37 240
1651577224031 19 37 240
1651577283359 19 37 240
1651577343273 19 34 240
1651577403960 22 36 240
1651577463735 20 35 240
1651577524423 26 30 240
1651577582935 20 33 240
1651577645328 24 33 240
1651577702857 19 39 240
1651577762937 24 33 240
1651577822841 22 27 240
1651577882853 33 34 240
1651577942880 20 37 240
1651578002916 20 37 240
1651578062936 21 43 240
1651578122950 20 39 240
1651578182995 27 29 240
1651578243032 20 34 240
1651578303240 22 34 240
1651578363094 25 37 240
1651578423141 28 36 240
1651578483145 21 30 240
1651578543193 22 31 240
1651578603256 20 37 240
1651578663239 21 39 240
1651578723332 19 35 240
1651578783395 20 37 240
1651578842354 20 36 240
1651578902399 19 35 240
1651578962431 19 39 240
1651579022452 23 33 240
1651579082528 27 35 240
1651579142538 31 36 240
1651579202572 22 36 240
1651579262593 31 34 240
1651579322613 22 39 240
1651579382688 27 36 240
1651579442666 19 36 240
1651579502728 23 35 240
1651579562746 27 39 240
1651579622827 20 37 240
1651579682869 26 37 240
1651579742917 21 35 240
